Generation: 1
--------------------- Individual: 1
1011110011010110000010110001111000111
param1: 73.766700
param2: 6.951900
Z: 0.0176039
Generation: 1
--------------------- Individual: BEST
1011110011010110000010110001111000111
param1: 73.766700
param2: 6.951900
Z: 0.0176039
