Generation: 1
--------------------- Individual: 1
1011110011010110000010110001111000111010111101001010100100011101010111010101001010000011010000100001100011
param1: 2.950000
param2: 0.680000
param3: 2.170000
param4: 7.790000
param5: 4.790000
param6: 16.060000
param7: 17.060000
param8: 28.930000
param9: 1.290000
param10: 0.970000
Z: 331.99
Generation: 1
--------------------- Individual: BEST
1011110011010110000010110001111000111010111101001010100100011101010111010101001010000011010000100001100011
param1: 2.950000
param2: 0.680000
param3: 2.170000
param4: 7.790000
param5: 4.790000
param6: 16.060000
param7: 17.060000
param8: 28.930000
param9: 1.290000
param10: 0.970000
Z: 331.99
