Generation: 1
--------------------- Individual: 1
10111100110101100000101100011110001110101111
param1: 73.766730
param2: 1.189690
Z: 0.000294431
Generation: 1
--------------------- Individual: BEST
10111100110101100000101100011110001110101111
param1: 73.766730
param2: 1.189690
Z: 0.000294431
