Generation: 1
--------------------- Individual: 1
1100111101000010011110011000000100110
param1: 80.962700
param2: 5.944500
Z: 1.32524e+06
Generation: 1
--------------------- Individual: BEST
1100111101000010011110011000000100110
param1: 80.962700
param2: 5.944500
Z: 1.32524e+06
